Accuracy = 0.969068013311625
Accuracy = 0.9690791310384698
