F1 = 0.9695481082153111
F1 = 0.9695546217411339
