Matthews = 0.8597859714354876
Matthews = 0.8597801771476393
