Precision = [0.9874484  0.84604492]
Precision = [0.98740565 0.84632137]
