Recall = [0.97723608 0.90967195]
Recall = [0.97729229 0.90935519]
